Loop Sleep Time :  0.05
TEMP
[0.16600298881530762, 0.050849199295043945, 0.050961971282958984, 0.051100969314575195, 0.051007986068725586, 0.16313385963439941, 0.05092000961303711, 0.16358613967895508, 0.050917863845825195, 0.050913095474243164, 0.050981998443603516, 0.16352200508117676, 0.050932884216308594, 0.05102801322937012, 0.051046133041381836, 0.16341090202331543, 0.05098915100097656, 0.16289281845092773, 0.05094599723815918, 0.16286516189575195, 0.05093789100646973, 0.05099010467529297, 0.05094504356384277, 0.05088496208190918, 0.05097389221191406, 0.05088305473327637, 0.16266393661499023, 0.163161039352417, 0.05088496208190918]
Mean :  0.0858735873781
Var :  1.08395530973

Loop Sleep Time :  0.05
TEMP
[0.051119089126586914, 0.050994873046875, 0.1626579761505127, 0.16279006004333496, 0.05094289779663086, 0.05102205276489258, 0.16329503059387207, 0.05098891258239746, 0.05103421211242676, 0.1626899242401123, 0.16303706169128418, 0.05083894729614258, 0.05113792419433594, 0.16264915466308594, 0.16335487365722656, 0.05132102966308594, 0.1631319522857666, 0.05109000205993652, 0.0508880615234375, 0.05099987983703613, 0.051203012466430664, 0.05132007598876953, 0.0509340763092041, 0.1625659465789795, 0.05088996887207031, 0.05086708068847656, 0.16279983520507812, 0.05104207992553711, 0.16363191604614258]
Mean :  0.0934909623245
Var :  1.17983267005

Loop Sleep Time :  0.05
TEMP
[0.05131101608276367, 0.05112099647521973, 0.16365790367126465, 0.1647331714630127, 0.05148792266845703, 0.051325082778930664, 0.05107593536376953, 0.164154052734375, 0.05140185356140137, 0.16398000717163086, 0.05151510238647461, 0.05104684829711914, 0.051490068435668945, 0.051438093185424805, 0.051335811614990234, 0.05236315727233887, 0.052876949310302734, 0.05149698257446289, 0.1679539680480957, 0.16305899620056152, 0.16301608085632324, 0.1651458740234375, 0.05138707160949707, 0.16439199447631836, 0.16528797149658203, 0.05129599571228027, 0.1635291576385498, 0.05121183395385742, 0.051670074462890625]
Mean :  0.0943365508112
Var :  1.20185019761

Loop Sleep Time :  0.05
TEMP
[0.05167508125305176, 0.16455888748168945, 0.051191091537475586, 0.05125999450683594, 0.051251888275146484, 0.16272211074829102, 0.1634678840637207, 0.16324114799499512, 0.05128884315490723, 0.16301608085632324, 0.05135202407836914, 0.16332387924194336, 0.05094313621520996, 0.16330885887145996, 0.05347704887390137, 0.05120992660522461, 0.16396307945251465, 0.16345596313476562, 0.16549205780029297, 0.052681922912597656, 0.05151700973510742, 0.05119013786315918, 0.0514979362487793, 0.05327606201171875, 0.051283836364746094, 0.16338205337524414, 0.05099892616271973, 0.05216622352600098, 0.053076982498168945]
Mean :  0.0941817267188
Var :  1.17921917479

Loop Sleep Time :  0.05
TEMP
[0.05123710632324219, 0.05091094970703125, 0.16398906707763672, 0.16295194625854492, 0.05208086967468262, 0.050733089447021484, 0.05088996887207031, 0.05102205276489258, 0.05101799964904785, 0.1628260612487793, 0.051409006118774414, 0.05090188980102539, 0.051229000091552734, 0.16261792182922363, 0.05103302001953125, 0.050939083099365234, 0.05115795135498047, 0.05118608474731445, 0.050878047943115234, 0.051213979721069336, 0.051242828369140625, 0.051670074462890625, 0.05102109909057617, 0.051190853118896484, 0.05104398727416992, 0.05083918571472168, 0.0509638786315918, 0.16292905807495117, 0.050994873046875]
Mean :  0.0704179632253
Var :  0.715297840002

