Loop Sleep Time :  0.25
TEMP
[0.2515089511871338, 0.25168609619140625, 0.251446008682251, 0.25116801261901855, 0.25176286697387695, 0.3641791343688965, 0.363461971282959, 0.2517108917236328, 0.3639211654663086, 0.25113391876220703, 0.2512819766998291, 0.36762213706970215, 0.2512848377227783, 0.2512850761413574, 0.3641090393066406, 0.25130200386047363, 0.25322890281677246, 0.2516319751739502, 0.3635880947113037, 0.2535669803619385, 0.25217390060424805, 0.25115418434143066, 0.2516779899597168, 0.2516818046569824, 0.2513301372528076, 0.2534198760986328, 0.25379109382629395, 0.2512950897216797, 0.36576294898986816]
Mean :  0.279074726434
Var :  0.0373089076126

Loop Sleep Time :  0.25
TEMP
[0.2514309883117676, 0.25118303298950195, 0.36446595191955566, 0.25166893005371094, 0.36490297317504883, 0.251568078994751, 0.2515568733215332, 0.2530031204223633, 0.2518279552459717, 0.2513439655303955, 0.36980104446411133, 0.3640720844268799, 0.2519869804382324, 0.36544299125671387, 0.36426806449890137, 0.25136590003967285, 0.2520139217376709, 0.2512221336364746, 0.2517659664154053, 0.3668849468231201, 0.36380910873413086, 0.25141286849975586, 0.25162196159362793, 0.36364102363586426, 0.2528879642486572, 0.3659200668334961, 0.25156593322753906, 0.36413121223449707, 0.25232791900634766]
Mean :  0.294796343507
Var :  0.0485033807474

Loop Sleep Time :  0.25
TEMP
[0.25174593925476074, 0.25241899490356445, 0.3635590076446533, 0.2516920566558838, 0.2537529468536377, 0.3647000789642334, 0.3640320301055908, 0.36342597007751465, 0.2514970302581787, 0.25138187408447266, 0.2515699863433838, 0.25147414207458496, 0.25357699394226074, 0.25140905380249023, 0.2513918876647949, 0.3646531105041504, 0.36434292793273926, 0.2520411014556885, 0.36392784118652344, 0.3635830879211426, 0.36361193656921387, 0.3646509647369385, 0.2515079975128174, 0.2516670227050781, 0.36346912384033203, 0.2545788288116455, 0.25168514251708984, 0.251356840133667, 0.25174999237060547]
Mean :  0.294498410718
Var :  0.0472357044117
